96887728	native_male	-0.194414408604	-0.209566092798	-0.0924777686923	-0.0833040849691	-0.277750251933	None	-2.03023261058e-06	None	1.177356960058786
45393913	white_male	-0.026405413844	0.0109025159216	-0.0488784642164	-0.315681217544	0.280771698986	None	0.157909205551	None	0.9816561662025917
25854163	white_male	0.150054441806	-0.208336195798	-0.109983471517	-0.310083689463	0.433416228375	None	None	None	0.6202754691846966
36217114	white_male	-0.210467219919	-0.163888930575	-0.15801076751	0.0701021041606	-0.328844223834	None	0.157775068231	0.210449737	0.9976991832758809
64453824	white_male	-0.071374288686	0.0749541660229	-0.0825245014895	0.0498927242349	-0.050040562798	None	None	None	1.161799946111783
42070516	white_male	-0.164609579031	-0.128847513022	-0.160689026907	0.274364161632	-0.0118307718727	-0.0587867236758	None	None	0.8443381530693955
58748178	white_male	0.277774714674	-0.0511110106458	0.00613686846409	0.0222049559506	-0.111102523454	1.17208585302e-05	None	None	0.7851449391183227
46512413	white_male	-0.214231431543	-0.0500458339771	-0.0325245014895	0.0498927242349	0.149959437202	None	None	None	1.4439067288783984
33825710	white_male	0.305523108172	0.228619468734	0.0980409709109	0.185291858954	0.0333205357154	-0.0554674288917	0.166670153548	None	0.6044772928446108
92987010	white_male	0.236823502296	0.331691964178	0.158026209259	0.131515259773	0.144819955975	None	None	None	0.6121712289470322
38706004	white_male	-0.210467219919	0.00277773609121	0.127703518205	0.0701021041606	-0.0788442238336	None	0.157775068231	0.210449737	0.6259261072986798
50393801	white_male	-0.183278891527	0.0833304708686	0.0900165284826	0.289916310537	-0.233250438292	None	None	None	1.6658302621825
74615791	white_male	0.145850280777	-5.14643005215e-05	-0.0678691789743	-0.0445852028417	-0.0557310873204	None	None	None	1.9055827202285645
20628871	white_male	-0.026405413844	0.0525691825883	0.0225501072121	0.0176521157894	0.11410503232	None	0.157909205551	None	1.6291396721505544
10816758	white_male	0.315796234229	0.244030493191	0.0928585902214	0.171047170958	0.157806566633	None	None	None	0.9297580014433603
31594628	white_male	0.225398932549	-0.110912840668	0.184165092493	-0.105285560518	0.719271306661	None	-0.0526524968598	None	0.48906441963060027
48408020	white_male	-0.0106845278654	-0.00437870374093	0.19170961668	0.192988832536	-0.140415012868	0.421064522189	None	None	0.7770875926299393
90687863	white_male	-0.129932219633	0.0883325401086	-0.126926310407	-0.462530864187	-0.0999919922304	None	None	None	0.8007769450004901
60187442	white_male	-0.071374288686	0.0124541660229	0.0174754985105	0.0498927242349	0.149959437202	None	None	None	1.1569799545482564
45952401	white_male	0.0825417896919	-0.110912840668	0.184165092493	0.394714439482	0.0526046399946	None	0.94734750314	None	0.5609922239632599
29320438	white_male	0.212418857369	0.130004353671	0.0235561763765	-0.0623246964829	0.31667828312	None	0.0250222372637	None	1.0440867034135333
63086008	white_male	0.105232498183	0.0478666173883	-0.0219749455303	0.0130908480756	0.0701899468488	None	None	None	1.338598305772616
38950020	white_male	0.138918924729	0.199524816293	-0.0924777686923	-0.0833040849691	-0.0277502519329	None	-2.03023261058e-06	None	0.8633574425477206
24048375	white_male	-0.0262699707672	0.301526296881	0.0891628496054	-0.0451299685597	-0.171038875007	None	None	None	0.9120265559682614
74519780	white_male	-0.026405413844	0.0525691825883	0.0225501072121	0.0176521157894	0.11410503232	None	0.157909205551	None	2.382648245361147
35832178	white_male	-0.194414408604	-0.0277479109796	-0.0924777686923	-0.0833040849691	-0.277750251933	None	-2.03023261058e-06	None	1.522361432764525
38721135	white_male	-0.287581142631	-0.0699956463286	-0.211737941271	-0.312324696483	-0.349988383546	None	-0.474977762736	None	1.0798027651233386
98313098	white_male	-0.071374288686	-0.0500458339771	-0.0825245014895	0.0498927242349	-0.050040562798	None	None	None	0.7450130001222169
40679789	white_male	-0.129932219633	-0.103975152199	-0.280772464253	0.0374691358126	-0.0999919922304	None	None	None	1.072085133961529
26977989	white_male	-0.203172496022	-0.00564968277349	0.0730539813816	0.394714439482	0.0526046399946	None	-0.0526524968598	None	0.5985539128332626
74508690	white_male	-0.116989724039	0.0478666173883	-0.0219749455303	0.0130908480756	-0.263143386485	None	None	None	1.7120787302334504
84112031	white_male	-0.183278891527	0.0833304708686	0.023349861816	-0.110083689463	-0.233250438292	None	None	None	1.3545177328536675
97066002	white_male	0.0825417896919	-0.00564968277349	0.0730539813816	-0.105285560518	0.0526046399946	None	-0.0526524968598	None	0.8134699451902461
10692426	white_male	-0.0631764977038	-0.168308035822	-0.0562595050266	0.131515259773	-0.355180044025	None	None	None	1.2504080786259026
77642254	white_male	0.0825417896919	0.152245054069	-0.0936126852851	-0.105285560518	-0.280728693339	None	-0.0526524968598	None	0.8992062421395782
42663599	white_male	0.189315472135	0.0372879629257	-0.0225760976062	0.192988832536	-0.140415012868	-0.578935477811	None	None	0.7247453703888289
48414771	white_male	-0.00793957104059	0.0288889893542	0.117247979575	0.0222049559506	-0.111102523454	1.17208585302e-05	None	None	1.2517760924371057
57567039	white_male	0.289532780081	0.00277773609121	0.127703518205	0.0701021041606	0.671155776166	None	0.157775068231	0.210449737	0.5727643660496374
79617884	white_male	-0.194476891828	-0.124321707737	-0.25490020556	-0.148041474379	-0.166679464285	-0.0554674288917	-0.333329846452	None	1.702055315402337
31342079	white_male	-0.210684527865	-0.171045370408	-0.165433240463	-0.140344500797	-0.140415012868	0.421064522189	None	None	0.872372689666784
73782224	white_male	4.36061489269e-05	0.115763849608	0.0888667806689	0.294651449667	2.22080423978e-05	-0.263098576141	None	None	0.8985843575560317
66990444	white_male	0.278618853707	0.134972830923	0.126910717629	-0.0500499337441	0.416670847854	-0.150010235321	-0.0999640724743	None	0.9927025340530528
51946948	white_male	0.138918924729	0.108615725384	0.157522231308	-0.0833040849691	0.222249748067	None	-2.03023261058e-06	None	0.8798661237690584
47054535	white_male	-0.34602963888	-0.163544419616	-0.0936126852851	-0.105285560518	-0.280728693339	None	-0.0526524968598	None	0.6825284894234518
54987141	white_male	0.235390420969	0.0616286774539	0.10597763976	-0.0589691717017	-0.0118307718727	-0.0587867236758	None	None	0.43475597029380947
56981152	white_male	-0.287581142631	-0.0699956463286	0.258850294024	-0.0623246964829	0.650011616454	None	-0.474977762736	None	0.4776123612277486
39100082	white_male	-0.026405413844	0.0109025159216	-0.191735607074	-0.315681217544	-0.219228301014	None	0.157909205551	None	1.2911619661676086
91448062	white_male	0.270067780367	-0.296282844507	0.180765997286	-0.212530864187	0.40000800777	None	None	None	0.4833355541122196
80910970	white_male	-0.071374288686	-0.175045833977	-0.282524501489	0.0498927242349	-0.450040562798	None	None	None	1.0294614370519388
29722822	white_male	0.223730029233	0.210617205972	0.0122397726823	-0.187987111417	-0.171038875007	None	None	None	0.9102444758275609
72282999	white_male	0.0714828541712	0.0124541660229	0.0174754985105	0.0498927242349	-0.250040562798	None	None	None	0.8534785283892649
79946969	white_male	-0.183278891527	0.166663804202	0.0900165284826	0.289916310537	0.100082895041	None	None	None	1.3323307102031066
25567563	white_male	-0.0631764977038	-0.118308035822	0.158026209259	-0.368484740227	-0.105180044025	None	None	None	0.6814544213919203
80949254	white_male	-0.120377857083	0.118432990021	-0.00287455373801	0.236765191793	-0.0631155140674	-0.263258091569	-0.526332620595	None	0.9719338087496147
95288799	white_male	0.212418857369	0.0300043536714	-0.094090882447	0.187675303517	-0.0166550502129	None	0.525022237264	None	0.6614632030461047
64988518	white_male	-0.194476891828	-0.00667464891333	0.333335088558	0.0186251922877	0.0333205357154	-0.0554674288917	0.166670153548	None	0.7324566940182493
80287359	white_male	-0.116989724039	0.00241207193376	-0.105308278864	0.263090848076	0.403523280182	None	None	None	0.9548126874337262
47545124	white_male	-0.116989724039	-0.179406109884	-0.105308278864	0.0130908480756	-0.263143386485	None	None	None	1.565175049012621
95759713	white_male	-0.194414408604	-0.164111547343	-0.0924777686923	-0.0833040849691	-0.0277502519329	None	-2.03023261058e-06	None	1.6624863946629835
56583732	white_male	0.0368235022962	0.0816919641776	-0.127688076455	0.131515259773	-0.355180044025	None	None	None	0.5378339962955031
25275045	white_male	0.165336428631	-0.00656700997895	-0.00287455373801	-0.263234808207	-0.0631155140674	-0.263258091569	-0.526332620595	None	1.8383630930945796
20280173	white_male	0.315796234229	-0.0741513249912	0.151682119633	0.421047170958	0.157806566633	None	None	None	0.3574292071154867
24355926	white_male	0.214339997028	0.0749541660229	0.167475498511	0.0498927242349	0.549959437202	None	None	None	1.0405934195264825
49185157	white_male	-0.229149719223	-5.14643005215e-05	0.0432419321368	-0.0445852028417	-0.0557310873204	None	None	None	1.2462510907024675
76707945	white_male	-0.287581142631	-0.119995646329	-0.152914411859	-0.0623246964829	-0.0166550502129	None	-0.474977762736	None	1.3801754324677142
56053182	white_male	0.134917571817	-0.131111010646	0.228359090686	0.422204955951	0.555564143213	1.17208585302e-05	None	None	0.4176990323330075
38024095	white_male	0.270067780367	0.12679407857	0.0269198434396	0.287469135813	0.40000800777	None	None	None	1.0116543096202177
32776557	white_male	-0.0106845278654	0.203954629592	0.120281045251	-0.140344500797	-0.140415012868	-0.578935477811	None	None	0.6009649637400277
31647509	white_male	-0.276269970767	-0.10756461221	-0.0646833042408	0.0977271742974	-0.171038875007	None	None	None	0.6819108888721926
68468025	white_male	0.0208502807775	0.0624485356995	-0.178980290085	-0.244585202842	-0.389064420654	None	None	None	1.2570003046047746
44153727	white_male	0.0208502807775	-0.0625514643005	-0.0123136234188	0.155414797158	-0.0557310873204	None	None	None	0.8835955111687251
91531814	white_male	-0.00793957104059	0.148888989354	0.117247979575	0.0222049559506	0.22223080988	1.17208585302e-05	None	None	1.1779220264873387
50522213	white_male	0.145850280777	-0.125051464301	-0.0678691789743	-0.244585202842	-0.0557310873204	None	None	None	0.8927498160314037
24584709	white_male	-0.00709543200775	0.0914945700536	-0.10385851314	-0.0500499337441	0.0833375145206	-0.150010235321	-0.0999640724743	None	1.4127947984888372
19431701	white_male	-0.194476891828	-0.00667464891333	-0.137253146736	-0.148041474379	0.0333205357154	-0.0554674288917	-0.333329846452	None	1.2761771877318755
79757881	white_male	-0.129932219633	0.0883325401086	0.0269198434396	0.287469135813	-0.0999919922304	None	None	None	0.640505748441802
12147486	white_male	0.212418857369	0.180004353671	0.0823797057883	0.187675303517	-0.349988383546	None	0.0250222372637	None	0.7913994091227806
98817283	white_male	0.305523108172	-0.00667464891333	0.156864500323	0.0186251922877	0.233320535715	-0.0554674288917	0.166670153548	None	0.7732653597540624
13936965	white_male	4.36061489269e-05	-0.124236150392	-0.161133219331	-0.105348550333	2.22080423978e-05	-0.263098576141	None	None	1.6578548348051627
38277003	white_male	-0.406092142797	-0.194067009979	-0.22509677596	-0.263234808207	-0.463115514067	-0.263258091569	0.473667379405	None	0.7576723332478592
54244423	white_male	0.473730029233	0.256071751426	-0.0646833042408	-0.0451299685597	-0.171038875007	None	None	None	1.0885337877753722
11176252	white_male	-0.183278891527	-0.125002862465	-0.0433168048507	-0.110083689463	0.100082895041	None	None	None	0.9745062682727214
50919980	white_male	0.122866113415	0.169444402758	0.127703518205	-0.0965645625061	-0.328844223834	None	0.157775068231	-0.789550263	0.4770052822558885
68696202	white_male	-0.026405413844	0.0109025159216	-0.120307035645	0.0176521157894	-0.0525616343471	None	0.157909205551	None	1.8703095400077734
89723283	white_male	-0.0277477419376	0.0631611799295	0.0741888979743	-0.0833040849691	0.222249748067	None	-2.03023261058e-06	None	1.48645340899827
84886983	white_male	-0.0603153531652	0.152245054069	-0.0380571297295	-0.105285560518	0.385937973328	None	-0.0526524968598	None	0.9654088650574923
38702480	white_male	-0.149952574865	0.00453804831449	-0.10385851314	-0.0500499337441	-0.249995818813	-0.150010235321	-0.0999640724743	None	1.0792712420181954
26409284	white_male	0.150054441806	0.124997137535	0.023349861816	0.0899163105367	0.100082895041	None	None	None	1.065263545874706
10097324	white_male	-0.163176497704	-0.0183080358224	-0.270545219312	0.131515259773	0.144819955975	None	None	None	0.6979037467483312
22800403	white_male	0.134917571817	0.0688889893542	0.00613686846409	0.0222049559506	0.22223080988	1.17208585302e-05	None	None	0.9722466049042569
19835646	white_male	0.235390420969	0.109247725073	0.0393109730934	0.274364161632	-0.0118307718727	-0.0587867236758	None	None	0.9246368390869012
57035883	white_male	0.214339997028	-0.175045833977	-0.0325245014895	0.0498927242349	0.549959437202	None	None	None	0.2988575261360665
53163150	white_male	-0.526405413844	-0.155764150745	0.0225501072121	0.0176521157894	-0.0525616343471	None	0.157909205551	None	0.9020736625513852
69676234	white_male	-0.00793957104059	0.148888989354	-0.104974242647	-0.177795044049	-0.111102523454	1.17208585302e-05	None	None	1.1525088727259691
27581139	white_male	0.0700677803671	0.0498710016471	-0.0500032334835	0.0374691358126	-0.0999919922304	None	None	None	1.3119600501296498
62252138	white_male	-0.120377857083	0.0559329900211	-0.00287455373801	-0.263234808207	0.136884485933	0.736741908431	0.473667379405	None	0.587557782113049
54734926	white_male	-0.329932219633	-0.0655136137375	-0.126926310407	0.0374691358126	-0.0999919922304	None	None	None	0.7535092701006882
64550381	white_male	-0.183278891527	-2.8624647341e-06	-0.109983471517	0.0899163105367	-0.233250438292	None	None	None	0.9538720551524811
98793090	white_male	0.0700677803671	0.0498710016471	0.0269198434396	0.0374691358126	-0.0999919922304	None	None	None	1.0077174973080836
89292859	white_male	-0.149952574865	0.00453804831449	0.0499876407059	-0.0500499337441	-0.249995818813	-0.150010235321	-0.0999640724743	None	1.1818017477810998
80614141	white_male	-0.0277477419376	-0.0277479109796	-0.0924777686923	-0.333304084969	0.222249748067	None	-2.03023261058e-06	None	1.7497890905467175
22096415	white_male	-0.104149719223	-0.125051464301	-0.0123136234188	0.155414797158	-0.0557310873204	None	None	None	0.7287474404780914
39233988	white_male	-0.150796713898	-0.0911110106458	0.117247979575	0.0222049559506	0.22223080988	1.17208585302e-05	None	None	1.4177871705438347
36282840	white_male	-0.183278891527	-2.8624647341e-06	0.0900165284826	-0.510083689463	0.100082895041	None	None	None	1.2051182957000695
31335034	white_male	-0.194476891828	-0.24196876656	-0.313723734971	-0.148041474379	-0.366679464285	-0.0554674288917	-0.333329846452	None	1.2100003423563155
80275400	white_male	-0.116989724039	-0.224860655339	-0.188641612197	0.0130908480756	0.0701899468488	None	None	None	1.1498092901092436
47611861	white_male	-0.00709543200775	0.0914945700536	0.126910717629	-0.0500499337441	0.416670847854	-0.150010235321	-0.0999640724743	None	1.1661064766600175
48970178	white_male	0.305523108172	-0.0654981783251	-0.137253146736	-0.148041474379	-0.166679464285	-0.0554674288917	0.166670153548	None	0.6452563846920549
59724128	white_male	-0.184203765771	-0.0286967795367	0.0340350608096	-0.0789528290424	-0.242193433367	None	None	None	1.3489650946964986
95839367	white_male	-0.0262699707672	-0.0621100667557	-0.0646833042408	-0.0451299685597	-0.171038875007	None	None	None	0.719046253990257
79992851	white_male	-0.194476891828	-0.0654981783251	-0.0784296173244	0.0186251922877	0.233320535715	-0.0554674288917	-0.333329846452	None	1.2040817121930074
90998455	white_male	4.36061489269e-05	0.195763849608	-0.0361332193311	0.0946514496673	2.22080423978e-05	0.736901423859	None	None	1.0813370885752593
27702054	white_male	-0.276269970767	-0.153019157665	0.166085926528	0.0977271742974	0.0789611249926	None	None	None	0.48801683705722787
28255548	white_male	-0.150796713898	-0.0911110106458	0.00613686846409	0.0222049559506	-0.111102523454	1.17208585302e-05	None	None	1.509844463140164
90783713	white_male	-0.0262699707672	0.210617205972	-0.0646833042408	-0.187987111417	0.0789611249926	None	None	None	0.8478246173395214
52665116	white_male	-0.184203765771	-0.301424052264	-0.201259056837	-0.328952829042	0.357806566633	None	None	None	0.4544366264989681
28807393	white_male	-0.0375811426306	0.0800043536714	-0.094090882447	-0.312324696483	-0.0166550502129	None	0.0250222372637	None	0.8352322237059664
35540002	white_male	-0.194414408604	-0.255020638252	0.0741888979743	-0.0833040849691	-0.527750251933	None	-2.03023261058e-06	None	0.6840737355016873
82258721	white_male	-0.149952574865	0.0480163091841	-0.0269354362172	-0.0500499337441	-0.249995818813	0.849989764679	-0.0999640724743	None	1.109047296621979
97395120	white_male	-0.0631764977038	-0.118308035822	-0.0562595050266	-0.368484740227	-0.105180044025	None	None	None	0.9775393306365645
39989218	white_male	-0.184203765771	-0.0286967795367	-0.0836119980139	-0.0789528290424	-0.242193433367	None	None	None	1.1758865959944937
22017073	white_male	0.150054441806	0.0833304708686	0.0900165284826	0.0899163105367	-0.233250438292	None	None	None	0.39221469031326645
82147394	white_male	-0.0106845278654	-0.00437870374093	-0.165433240463	-0.140344500797	-0.140415012868	-0.578935477811	None	None	0.7311333836967198
67039847	white_male	-0.26323499994	-0.131567009979	-0.00287455373801	-0.263234808207	-0.0631155140674	-0.263258091569	-0.526332620595	None	0.8863303294657824
84221573	white_male	0.0208502807775	0.124948535699	0.0432419321368	0.155414797158	-0.0557310873204	None	None	None	1.1051449707021457
78654317	white_male	0.136823502296	0.0316919641776	0.229454780688	0.131515259773	-0.105180044025	None	None	None	0.651332353727968
25249088	white_male	-0.00587861292786	-0.0430424735208	-0.0219749455303	0.0130908480756	-0.263143386485	None	None	None	0.8611662098558466
60345528	white_male	-0.149952574865	-0.0389402125551	-0.10385851314	-0.0500499337441	0.0833375145206	-0.150010235321	-0.0999640724743	None	1.0717145043419207
80393085	white_male	0.0368235022962	-0.0183080358224	0.158026209259	-0.368484740227	0.394819955975	None	None	None	1.256945876877124
23979172	white_male	-0.184203765771	0.0167577659179	-0.0247884686022	-0.0789528290424	-0.242193433367	None	None	None	1.3810355965310812
14327591	white_male	-0.0106845278654	-0.00437870374093	0.0488524738224	-0.140344500797	-0.140415012868	-0.578935477811	None	None	0.6999886851382182
43309525	white_male	-0.184203765771	0.0622123113724	0.151682119633	-0.0789528290424	0.557806566633	None	None	None	1.280620957069926
45948385	white_male	0.150054441806	0.0833304708686	-0.0433168048507	-0.110083689463	0.100082895041	None	None	None	1.4147243380420498
14991861	white_male	0.0353904209685	0.0140096298349	-0.160689026907	-0.0589691717017	-0.0118307718727	-0.0587867236758	None	None	1.7657930878638057
78052957	white_male	-0.026405413844	0.0942358492549	-0.120307035645	0.0176521157894	0.11410503232	None	0.157909205551	None	2.4785591300331027
53125441	white_male	-0.0603153531652	-0.0582812617209	-0.0380571297295	-0.105285560518	-0.280728693339	None	-0.0526524968598	None	1.0882522954828107
79183748	white_male	-0.0603153531652	-0.163544419616	-0.315834907507	-0.105285560518	0.0526046399946	None	-0.0526524968598	None	1.228036345684361
11505833	white_male	-0.00793957104059	0.148888989354	0.00613686846409	0.0222049559506	-0.111102523454	1.17208585302e-05	None	None	1.355662732405836
68106685	white_male	-0.604149719223	-0.500051464301	0.0987974876924	-0.244585202842	-0.0557310873204	None	None	None	0.5300460701979537
82652351	white_male	-0.071374288686	0.137454166023	-0.232524501489	0.0498927242349	-0.050040562798	None	None	None	0.6737842199075275
98478247	white_male	-0.287581142631	-0.119995646329	-0.211737941271	-0.0623246964829	-0.0166550502129	None	0.0250222372637	None	0.971922420767202
32975971	white_male	-0.210684527865	-0.254378703741	-0.30829038332	0.192988832536	-0.140415012868	-0.578935477811	None	None	1.1572649970252382
35585393	white_male	-0.120377857083	-0.0690670099789	-0.113985664849	-0.263234808207	-0.0631155140674	-0.263258091569	0.473667379405	None	1.038694393202226
85419995	white_male	-0.0106845278654	-0.212712037074	0.0488524738224	-0.140344500797	-0.140415012868	0.421064522189	None	None	0.5557687509934485
13364356	white_male	-0.0631764977038	-0.218308035822	-0.0562595050266	0.131515259773	-0.355180044025	None	None	None	0.8601150288649324
30134213	white_male	-0.0277477419376	-0.0732024564342	-0.175811102026	0.166695915031	0.222249748067	None	-2.03023261058e-06	None	0.8167745745576633
57705633	white_male	-0.287581142631	-0.0199956463286	0.0235561763765	0.187675303517	-0.349988383546	None	0.0250222372637	None	1.0036480893208182
93311435	white_male	-0.116989724039	-0.0430424735208	-0.105308278864	0.0130908480756	0.0701899468488	None	None	None	1.1650217042659359
71312801	white_male	0.136823502296	-0.0683080358224	0.158026209259	-0.368484740227	0.144819955975	None	None	None	0.5941282440011304
29564313	white_male	4.36061489269e-05	0.115763849608	0.151366780669	-0.105348550333	2.22080423978e-05	0.736901423859	None	None	1.2069177518935694
63657989	white_male	-0.116989724039	-0.0430424735208	-0.188641612197	-0.236909151924	0.403523280182	None	None	None	0.9295069067395753
25894178	white_male	-0.116989724039	-0.13395156443	-0.0219749455303	-0.236909151924	-0.263143386485	None	None	None	0.9426790919829611
29004959	white_male	0.212418857369	0.0800043536714	0.0235561763765	0.187675303517	0.31667828312	None	0.0250222372637	None	0.7674369822832041
96834042	white_male	-0.210684527865	-0.212712037074	-0.379718954749	-0.140344500797	-0.140415012868	-0.578935477811	None	None	0.927922098862809
77749495	white_male	-0.0375811426306	0.0300043536714	-0.094090882447	-0.0623246964829	-0.0166550502129	None	0.0250222372637	None	0.8990893284280113
93745399	white_male	-0.163176497704	0.0316919641776	-0.127688076455	0.131515259773	0.144819955975	None	None	None	0.8526018478411825
69790025	white_male	-0.149952574865	-0.0824184734246	-0.257704666986	0.449950066256	0.0833375145206	-0.150010235321	-0.0999640724743	None	0.7614873435249928
52159710	white_male	0.145850280777	0.187448535699	0.321019709915	-0.0445852028417	0.277602246013	None	None	None	1.1857392249579395
53839993	white_male	-0.364609579031	-0.271704655879	-0.09402236024	-0.0589691717017	-0.211830771873	-0.0587867236758	None	None	0.4822668334978637
48572000	white_male	0.212418857369	-0.0199956463286	-0.0352673530352	0.187675303517	-0.0166550502129	None	0.0250222372637	None	0.5975308539569145
42829786	white_male	-0.0438005532521	0.00277773609121	0.127703518205	0.0701021041606	-0.0788442238336	None	0.157775068231	0.210449737	0.7360639145427785
94959049	white_male	0.305523108172	-0.00667464891333	0.0980409709109	-0.148041474379	0.233320535715	-0.0554674288917	0.166670153548	None	0.8976808392499812
57079706	white_male	0.0700677803671	-0.0655136137375	-0.0500032334835	0.0374691358126	-0.0999919922304	None	None	None	0.9081839663420929
70827981	white_male	0.305585591396	0.0631611799295	0.0741888979743	-0.0833040849691	0.222249748067	None	-2.03023261058e-06	None	0.6138877702400989
59726281	white_male	4.36061489269e-05	-0.084236150392	-0.0986332193311	-0.105348550333	2.22080423978e-05	-0.263098576141	None	None	1.3471980029222452
37662987	white_male	0.223730029233	0.119708115062	-0.0646833042408	-0.187987111417	-0.171038875007	None	None	None	1.073033451840514
46482414	white_male	0.138918924729	0.154070270839	0.0741888979743	0.166695915031	0.222249748067	None	-2.03023261058e-06	None	1.1294227499373732
23141870	white_male	-0.116989724039	0.184230253752	0.22802505447	0.0130908480756	0.403523280182	None	None	None	0.8144637394253311
42138714	white_male	-0.00793957104059	0.0688889893542	-0.104974242647	0.222204955951	-0.111102523454	1.17208585302e-05	None	None	1.3627664009098988
90113886	asian_male	0.315796234229	0.153121402282	0.151682119633	-0.0789528290424	0.157806566633	None	None	None	1.1318370529769683
28458082	asian_male	-0.410684527865	0.0789546295924	-0.165433240463	-0.140344500797	0.192918320465	-0.578935477811	None	None	0.9091520772945183
35381027	asian_male	0.278618853707	0.134972830923	0.126910717629	-0.0500499337441	0.0833375145206	-0.150010235321	-0.0999640724743	None	0.9729126154418214
64173932	asian_male	-0.026405413844	-0.114097484078	0.165407250069	0.350985449123	0.11410503232	None	0.157909205551	None	0.30193381500575767
18182892	asian_male	0.122866113415	0.00277773609121	-0.15801076751	-0.0965645625061	-0.0788442238336	None	0.157775068231	0.210449737	1.1635857998791974
28268404	asian_male	0.270850280777	0.187448535699	-0.12342473453	-0.0445852028417	0.277602246013	None	None	None	1.2725795739051293
86145115	asian_male	0.223730029233	0.210617205972	-0.141606381164	-0.0451299685597	0.578961124993	None	None	None	0.907967244027412
26633604	asian_male	0.0700677803671	0.203717155493	0.257689074209	0.0374691358126	-0.0999919922304	None	None	None	0.8169660527899489
57112467	asian_male	0.389315472135	0.287287962926	0.548852473822	0.192988832536	0.526251653798	0.421064522189	None	None	0.6253601756743049
28334011	asian_male	0.0700677803671	-0.0655136137375	0.180765997286	-0.212530864187	0.40000800777	None	None	None	0.4516139798770269
29872494	asian_male	0.212418857369	-0.0699956463286	0.0823797057883	-0.0623246964829	-0.0166550502129	None	0.0250222372637	None	1.3160294244886153
10846636	asian_male	-0.329932219633	-0.219359767584	-0.280772464253	-0.462530864187	-0.0999919922304	None	None	None	0.9255398992272401
35878886	asian_male	0.0368235022962	0.0816919641776	0.0865976378305	-0.368484740227	0.144819955975	None	None	None	0.7229330573364781
20713527	asian_male	0.289532780081	0.113888847202	0.270560661062	0.0701021041606	0.171155776166	None	-0.842224931769	-0.789550263	0.43268314223502014
64039239	asian_male	-0.184203765771	0.107666856827	0.151682119633	0.421047170958	0.357806566633	None	None	None	0.9311735000009687
56384606	asian_male	0.0353904209685	0.0140096298349	-0.0273556935733	-0.392302505035	-0.0118307718727	-0.0587867236758	None	None	1.2435221063929336
61554712	asian_male	-0.26323499994	-0.131567009979	-0.280652331516	0.236765191793	-0.0631155140674	0.736741908431	0.473667379405	None	0.8416367402378218
77302183	asian_male	-0.071374288686	0.0749541660229	0.217475498511	0.0498927242349	-0.250040562798	None	None	None	1.1115245993882215
32389632	black_male	4.36061489269e-05	0.075763849608	0.151366780669	-0.105348550333	2.22080423978e-05	0.736901423859	None	None	1.9534079767379144
97035768	black_male	0.0825417896919	0.0469818961739	0.017498425826	0.394714439482	0.0526046399946	None	-0.0526524968598	None	0.8713130132175649
98886918	black_male	-0.116989724039	0.00241207193376	-0.105308278864	0.0130908480756	-0.263143386485	None	None	None	1.6952427853206666
50446346	black_male	-0.0106845278654	0.0789546295924	0.120281045251	-0.140344500797	0.192918320465	0.421064522189	None	None	1.0369676658124158
92287143	black_male	0.145850280777	-5.14643005215e-05	-0.0678691789743	-0.0445852028417	-0.0557310873204	None	None	None	1.9055827202285645
76649176	black_male	-0.377133886585	-0.0527778194643	-0.0151536246526	0.0701021041606	-0.328844223834	None	0.157775068231	0.210449737	0.7047830414226047
78924328	asian_female	4.36061489269e-05	0.115763849608	0.0888667806689	-0.105348550333	2.22080423978e-05	-0.263098576141	None	None	1.182861441535823
76735413	asian_female	0.315796234229	-0.0286967795367	-0.0836119980139	-0.0789528290424	-0.242193433367	None	None	None	0.8971499825969876
11923765	asian_female	-0.0277477419376	-0.0277479109796	-0.00914443535901	0.166695915031	-0.277750251933	None	-2.03023261058e-06	None	0.8960480212608861
25500311	asian_female	0.0825417896919	-0.0582812617209	-0.0380571297295	-0.105285560518	0.0526046399946	None	-0.0526524968598	None	0.7531901107358507
61386741	asian_female	0.150054441806	0.0416638042019	0.156683195149	0.0899163105367	0.433416228375	None	None	None	0.6665899733482835
90990265	asian_female	0.0353904209685	-0.0812284654032	-0.09402236024	-0.0589691717017	-0.0118307718727	-0.0587867236758	None	None	1.2564354591111064
27063300	asian_female	0.0224792857743	-0.0690670099789	-0.00287455373801	0.236765191793	-0.0631155140674	-0.263258091569	-0.526332620595	None	1.0528278698016968
10686368	asian_female	-0.0262699707672	0.0287990241534	0.319932080375	0.240584317155	0.328961124993	None	None	None	0.528141991404764
45454024	black_female	-0.120377857083	-0.194067009979	0.0526810018175	-0.263234808207	-0.0631155140674	-0.263258091569	-0.526332620595	None	1.551334703605263
27215815	black_female	-0.363176497704	-0.218308035822	-0.270545219312	-0.368484740227	-0.105180044025	None	None	None	0.5009143859182349
91989693	black_female	-0.276269970767	-0.198473703119	-0.218529458087	-0.187987111417	0.0789611249926	None	None	None	0.9771372274394594
85257841	black_female	0.289532780081	0.0583332916468	0.270560661062	-0.0965645625061	0.171155776166	None	0.157775068231	0.210449737	0.917328312780249
75673728	black_female	0.150054441806	-2.8624647341e-06	0.023349861816	0.0899163105367	0.100082895041	None	None	None	1.2031376591717293
19731320	black_female	0.0714828541712	0.0749541660229	0.367475498511	0.0498927242349	0.549959437202	None	None	None	1.100248126683659
24352989	black_female	0.0353904209685	0.0616286774539	0.172644306427	-0.0589691717017	0.388169228127	0.941213276324	None	None	0.6196122952865588
45768791	black_female	-0.210467219919	0.169444402758	-0.229439338938	-0.0965645625061	-0.0788442238336	None	0.157775068231	0.210449737	0.7652809362198552
71601656	black_female	0.0353904209685	0.0140096298349	-0.0273556935733	-0.0589691717017	0.188169228127	-0.0587867236758	None	None	0.7872625600489671
80268144	black_female	-0.276269970767	-0.0166555213012	-0.0646833042408	-0.0451299685597	-0.171038875007	None	None	None	0.6235487953334057
73776845	black_female	0.368256075406	0.204876633016	0.239720648048	0.394714439482	-0.280728693339	None	-0.0526524968598	None	0.6575344494377094
19132426	black_female	0.135761710849	0.0914945700536	0.0499876407059	-0.0500499337441	-0.249995818813	-0.150010235321	-0.0999640724743	None	1.5410754129054192
21670107	black_female	0.289532780081	-0.219444486131	-0.0151536246526	0.236768770827	0.421155776166	None	0.157775068231	0.210449737	0.5309248259016813
81885784	black_female	4.36061489269e-05	-0.044236150392	-0.0986332193311	0.294651449667	2.22080423978e-05	-0.263098576141	None	None	0.9359766395208129
87686480	black_female	-0.329932219633	-0.027052075276	0.103842920363	0.0374691358126	-0.0999919922304	None	None	None	0.7823122977479701
80343929	black_female	0.150054441806	0.0833304708686	0.223349861816	0.289916310537	0.100082895041	None	None	None	0.9088697110031058
47956029	black_female	-0.129932219633	-0.027052075276	0.103842920363	0.0374691358126	-0.0999919922304	None	None	None	0.8416771532922995
70019555	black_female	-0.377133886585	0.00277773609121	-0.15801076751	-0.263231229173	-0.328844223834	None	-0.842224931769	-0.789550263	0.4146843990453437
83694609	black_female	-0.120377857083	0.0559329900211	0.219347668484	0.236765191793	0.136884485933	-0.263258091569	-0.526332620595	None	0.7308649238972047
43606726	black_female	4.36061489269e-05	-0.00423615039201	0.213866780669	0.294651449667	2.22080423978e-05	-0.263098576141	None	None	0.5757552754389311
72751980	black_female	-0.071374288686	0.0749541660229	-0.0825245014895	-0.450107275765	-0.250040562798	None	None	None	0.4477093195980838
23965090	black_female	-0.184203765771	-0.0286967795367	0.151682119633	-0.0789528290424	-0.0421934333675	None	None	None	1.9285835363866382
55215692	black_female	-0.214231431543	-0.237545833977	-0.132524501489	0.0498927242349	-0.250040562798	None	None	None	1.0411484090262915
27066494	black_female	0.165336428631	0.0559329900211	0.0526810018175	-0.263234808207	0.336884485933	0.736741908431	0.473667379405	None	1.2175568147560805
91834904	hispanic_female	0.0700677803671	0.0498710016471	0.0269198434396	0.0374691358126	0.40000800777	None	None	None	0.8076065230453612
35511148	hispanic_female	0.122866113415	0.0583332916468	-0.0865821960812	-0.0965645625061	-0.0788442238336	None	0.157775068231	0.210449737	0.5825746415951827
96096856	hispanic_female	0.305523108172	0.0521488804984	0.215688029734	0.351958525621	0.0333205357154	0.944532571108	0.666670153548	None	0.46103390824406965
93882231	hispanic_female	-0.194476891828	-0.00667464891333	-0.0784296173244	0.0186251922877	-0.166679464285	-0.0554674288917	-0.333329846452	None	0.7662034481650865
76732040	hispanic_female	-0.184203765771	0.0167577659179	-0.142435527426	-0.0789528290424	-0.0421934333675	None	None	None	1.0168509830608201
32854288	white_female	0.327454720405	0.138775708297	0.144691721136	0.513090848076	0.0701899468488	None	None	None	0.6573105835150502
86467080	white_female	-0.214231431543	-0.0500458339771	-0.0325245014895	0.0498927242349	-0.250040562798	None	None	None	1.1402776817284017
82207814	white_female	-0.194476891828	-0.00667464891333	-0.0196060879127	-0.148041474379	0.233320535715	-0.0554674288917	0.166670153548	None	0.9277969060299726
78344814	white_female	0.500043606149	-0.044236150392	-0.0361332193311	-0.105348550333	2.22080423978e-05	-0.263098576141	None	None	0.7169657676143515
51578191	white_female	-0.149952574865	-0.0389402125551	-0.0269354362172	-0.0500499337441	0.416670847854	-0.150010235321	0.900035927526	None	1.0882593111390324
57491090	white_female	0.305523108172	0.11097240991	0.274511559146	0.351958525621	0.233320535715	-0.0554674288917	-0.333329846452	None	0.9152867594871759
21195081	white_female	-0.00587861292786	0.0933211628429	0.0613583878031	0.0130908480756	-0.263143386485	None	None	None	1.7151976540656177
13675681	white_female	0.136823502296	0.0316919641776	0.0865976378305	0.131515259773	0.394819955975	None	None	None	0.7396564179114362
10607886	white_female	-0.0106845278654	-0.0877120370743	-0.0225760976062	0.52632216587	0.192918320465	0.421064522189	None	None	0.9885366089279531
18927842	white_female	0.189315472135	-0.0877120370743	0.0488524738224	-0.140344500797	0.192918320465	0.421064522189	None	None	0.7565277356818663
57005171	white_female	-0.0438005532521	-0.0527778194643	-0.229439338938	-0.0965645625061	-0.0788442238336	None	0.157775068231	0.210449737	1.2218749303934293
62296677	white_female	0.189315472135	0.203954629592	0.19170961668	0.192988832536	0.192918320465	0.421064522189	None	None	0.8509570558124525
85730852	white_female	-0.026405413844	-0.0724308174117	0.165407250069	0.0176521157894	-0.0525616343471	None	0.157909205551	None	0.829274300863132
18204313	white_female	0.270067780367	0.12679407857	-0.0500032334835	0.0374691358126	-0.0999919922304	None	None	None	0.7838587825598764
37234047	white_female	-0.183278891527	-2.8624647341e-06	0.023349861816	0.0899163105367	-0.233250438292	None	None	None	1.6323985031031287
57020184	white_female	0.438565831517	0.275139344661	0.144691721136	0.0130908480756	0.403523280182	None	None	None	0.7082519502168183
12798804	white_female	-0.026405413844	0.0525691825883	-0.0488784642164	0.0176521157894	0.11410503232	None	-0.842090794449	None	1.5097738040288802
96461097	white_female	-0.0603153531652	0.152245054069	0.239720648048	-0.105285560518	0.385937973328	None	-0.0526524968598	None	0.594848853402049
50117784	white_female	-0.194476891828	-0.00667464891333	-0.196076676148	0.0186251922877	-0.366679464285	-0.0554674288917	-0.333329846452	None	1.3479805133446592
96051876	white_female	0.500043606149	-0.044236150392	-0.0361332193311	0.0946514496673	2.22080423978e-05	0.736901423859	None	None	0.6996544765820031
16163945	white_female	-0.00793957104059	0.148888989354	-0.216085353758	-0.177795044049	-0.111102523454	1.17208585302e-05	None	None	1.0402898722895828
69684926	white_female	-0.026405413844	0.0109025159216	-0.120307035645	0.0176521157894	-0.0525616343471	None	0.157909205551	None	1.2602437000547226
78937205	white_female	-0.026405413844	-0.0724308174117	0.0939786786407	-0.315681217544	-0.219228301014	None	0.157909205551	None	1.1183780106003463
23599923	white_female	0.0825417896919	0.152245054069	0.0730539813816	-0.105285560518	0.0526046399946	None	-0.0526524968598	None	0.9035874813385869
30423029	white_female	0.0700677803671	0.0883325401086	0.103842920363	-0.212530864187	-0.0999919922304	None	None	None	1.135297502869459
54708280	white_female	4.36061489269e-05	-0.00423615039201	0.0888667806689	-0.105348550333	2.22080423978e-05	-0.263098576141	None	None	1.941851515440535
70710894	white_female	0.270067780367	0.165255617032	0.0269198434396	0.287469135813	-0.0999919922304	None	None	None	1.3077683440740602
53611766	white_female	0.122866113415	0.00277773609121	0.127703518205	0.0701021041606	0.171155776166	None	0.157775068231	0.210449737	0.8688268825454788
67593949	white_female	0.0353904209685	0.0616286774539	0.0393109730934	-0.0589691717017	-0.0118307718727	-0.0587867236758	None	None	0.9027891654205202
43832508	white_female	0.136823502296	0.131691964178	0.0865976378305	0.131515259773	0.144819955975	None	None	None	0.9821245689348477
69904848	white_female	4.36061489269e-05	-0.164236150392	-0.0361332193311	-0.105348550333	2.22080423978e-05	0.736901423859	None	None	0.9185229420276517
29211135	white_female	0.214339997028	-0.0500458339771	-0.0825245014895	-0.450107275765	-0.050040562798	None	None	None	1.0242145351816536
19011244	white_female	-0.0375811426306	-0.0199956463286	-0.329385000094	-0.0623246964829	-0.0166550502129	None	-0.474977762736	None	1.192079662850543
97945938	white_female	-0.00793957104059	-0.131111010646	-0.104974242647	-0.177795044049	-0.444435856787	1.17208585302e-05	None	None	1.2467228218283546
42720159	white_female	0.0353904209685	0.109247725073	-0.0273556935733	-0.0589691717017	0.188169228127	-0.0587867236758	None	None	1.6864840191910433
13388417	white_female	-0.183278891527	-0.0416695291314	-0.0433168048507	0.0899163105367	-0.233250438292	None	None	None	1.1822498525893805
73701867	white_female	0.48338777514	0.0833304708686	0.023349861816	-0.310083689463	0.100082895041	None	None	None	1.3879023769461831
18411507	white_female	-0.164609579031	-0.0336094177842	0.0393109730934	0.274364161632	-0.0118307718727	-0.0587867236758	None	None	0.775488745213687
99748980	white_female	0.134917571817	0.0288889893542	0.00613686846409	0.0222049559506	0.22223080988	1.17208585302e-05	None	None	0.8437511452681583
68189440	white_female	-0.116989724039	-0.0884970189753	-0.0219749455303	-0.486909151924	0.0701899468488	None	None	None	1.1103805438945304
92656695	white_female	0.315796234229	-0.1650604159	-0.0836119980139	-0.0789528290424	-0.242193433367	None	None	None	0.6294590026803407
58321444	white_female	-0.026405413844	-0.239097484078	-0.334592749931	0.0176521157894	-0.38589496768	None	-0.842090794449	None	0.843097704530734
58090918	white_female	-0.00709543200775	-0.0389402125551	0.203833794552	-0.0500499337441	-0.249995818813	-0.150010235321	-0.0999640724743	None	1.3391918627829718
70582900	white_female	-0.499956393851	-0.324236150392	-0.286133219331	-0.105348550333	2.22080423978e-05	-0.263098576141	None	None	0.7087456594290695
84870412	white_female	-0.163176497704	-0.0183080358224	-0.199116647884	0.131515259773	0.394819955975	None	None	None	0.8464863988892593
22383252	white_female	-0.194476891828	-0.00667464891333	0.0392174414991	0.0186251922877	0.233320535715	-0.0554674288917	-0.333329846452	None	1.1925434334080278
80122898	white_female	-0.0262699707672	-0.10756461221	0.166085926528	0.0977271742974	-0.171038875007	None	None	None	0.5210487560039845
88969196	white_female	0.150054441806	-0.166669529131	-0.309983471517	-0.110083689463	-0.233250438292	None	None	None	0.7996603951380018
80633177	white_female	-0.00587861292786	-0.0430424735208	0.0613583878031	-0.236909151924	0.0701899468488	None	None	None	1.0151560445890424
30462923	white_female	0.473594586156	0.135902515922	0.0225501072121	-0.315681217544	-0.0525616343471	None	-0.842090794449	None	0.7874796350806694
76311101	white_female	-0.0603153531652	-0.0582812617209	-0.260279351952	-0.105285560518	-0.280728693339	None	-0.0526524968598	None	0.769257611084795
55255691	white_female	-0.0262699707672	-0.471200975847	-0.218529458087	0.0977271742974	0.0789611249926	None	None	None	0.6782658240588182
14227172	white_female	0.0353904209685	0.0140096298349	-0.09402236024	-0.0589691717017	-0.0118307718727	-0.0587867236758	None	None	1.4226357345386444
77836254	white_female	4.36061489269e-05	0.115763849608	0.0888667806689	-0.105348550333	2.22080423978e-05	-0.263098576141	None	None	1.2138298675116204
83934692	white_female	-0.183278891527	0.0833304708686	0.0900165284826	0.289916310537	0.100082895041	None	None	None	1.8326426554352147
91507835	white_female	0.0368235022962	0.0316919641776	0.0151690664019	0.131515259773	-0.105180044025	None	None	None	0.8163059689951635
42404311	white_female	-0.183278891527	-0.250002862465	-0.309983471517	-0.310083689463	-0.233250438292	None	None	None	0.8111796872169286
21411918	white_female	0.214339997028	0.199954166023	0.117475498511	0.0498927242349	0.149959437202	None	None	None	0.7150718972833373
13114219	white_female	-0.026405413844	-0.114097484078	0.0939786786407	0.0176521157894	-0.219228301014	None	0.157909205551	None	0.9756922415916548
58641781	white_female	-0.026405413844	-0.0724308174117	-0.0488784642164	0.0176521157894	0.11410503232	None	0.157909205551	None	1.015706990751818
20539726	white_female	0.389315472135	0.0789546295924	-0.0225760976062	0.192988832536	-0.140415012868	0.421064522189	None	None	0.6985823953242182
20775790	white_female	-0.149952574865	0.00453804831449	-0.180781590063	-0.0500499337441	-0.249995818813	-0.150010235321	0.900035927526	None	1.462376623553701
75683419	white_female	-0.0375811426306	0.0300043536714	0.0823797057883	-0.0623246964829	-0.0166550502129	None	0.0250222372637	None	0.8183837839089448
41432893	white_female	0.0208502807775	0.0624485356995	-0.0123136234188	0.155414797158	-0.0557310873204	None	None	None	1.3851739418885078
95635907	white_female	-0.0262699707672	0.210617205972	0.0891628496054	-0.0451299685597	-0.171038875007	None	None	None	1.1430032394904241
24362717	white_female	0.105232498183	-0.0430424735208	0.144691721136	0.0130908480756	-0.263143386485	None	None	None	1.0522767047648627
97071953	white_female	0.214339997028	0.199954166023	0.0674754985105	0.0498927242349	0.149959437202	None	None	None	0.7383308540048361
43884909	white_female	-0.0375811426306	-0.119995646329	0.1412032352	-0.0623246964829	-0.349988383546	None	0.525022237264	None	1.4132864141271484
45311282	white_female	0.165336428631	-0.00656700997895	-0.00287455373801	0.236765191793	-0.0631155140674	-0.263258091569	0.473667379405	None	0.7997807017491728
88741692	white_female	-0.184203765771	0.0622123113724	0.151682119633	-0.0789528290424	0.157806566633	None	None	None	1.1647964207094958
69058929	white_female	0.421475996564	0.134972830923	0.0499876407059	-0.0500499337441	0.750004181187	0.849989764679	-0.0999640724743	None	0.736490926679135
32483589	white_female	-0.150796713898	-0.0111110106458	0.117247979575	0.0222049559506	0.555564143213	1.17208585302e-05	None	None	0.9585991739337932
21507147	white_female	0.122866113415	0.00277773609121	-0.0865821960812	-0.0965645625061	-0.0788442238336	None	0.157775068231	-0.789550263	0.9334893661156539
56723448	white_female	0.0368235022962	0.131691964178	0.0151690664019	0.131515259773	-0.355180044025	None	None	None	0.7882035425538843
79405004	white_female	-0.00793957104059	0.0288889893542	-0.104974242647	-0.177795044049	-0.444435856787	1.17208585302e-05	None	None	0.8461247290980525
74953183	white_female	-0.0603153531652	0.0996134751212	-0.0380571297295	-0.105285560518	0.0526046399946	None	-0.0526524968598	None	0.7291433228257397
83295473	white_female	-0.194476891828	0.11097240991	0.0392174414991	0.0186251922877	0.0333205357154	-0.0554674288917	0.166670153548	None	1.0016871864982944
31924525	white_female	-0.184203765771	-0.0741513249912	-0.0836119980139	-0.0789528290424	-0.242193433367	None	None	None	1.4510717387752015
59696523	white_female	-0.184203765771	-0.0286967795367	-0.142435527426	-0.0789528290424	-0.0421934333675	None	None	None	1.5997674139928406
89012727	white_female	0.136823502296	0.0816919641776	0.0151690664019	0.631515259773	-0.105180044025	None	None	None	0.6410718322038197
48052885	white_female	-0.00709543200775	-0.212853256033	-0.180781590063	-0.0500499337441	-0.249995818813	0.849989764679	-0.0999640724743	None	0.6463220402895095
60599605	white_female	0.0224792857743	0.243432990021	0.108236557373	0.736765191793	0.336884485933	0.736741908431	-0.526332620595	None	0.9036675724129224
36294970	white_female	-0.0375811426306	0.0800043536714	-0.0352673530352	-0.0623246964829	-0.349988383546	None	0.0250222372637	None	0.9798233891827096
13460647	white_female	0.134917571817	0.0688889893542	0.00613686846409	0.0222049559506	0.22223080988	1.17208585302e-05	None	None	1.2851701899718255
60620244	white_female	-0.026405413844	0.219235849255	0.0939786786407	0.0176521157894	0.280771698986	None	0.157909205551	None	1.3529496801999912
35157893	white_female	0.305585591396	-0.0732024564342	0.157522231308	0.416695915031	-0.0277502519329	None	-2.03023261058e-06	None	0.8296308266054647
63395468	white_female	-0.203172496022	-0.110912840668	-0.0380571297295	-0.105285560518	-0.280728693339	None	-0.0526524968598	None	0.9002893486596297
27588578	white_female	-0.00709543200775	-0.169374995164	0.0499876407059	-0.0500499337441	-0.249995818813	-0.150010235321	-0.0999640724743	None	1.1281806708649396
74152485	white_female	-0.194414408604	-0.0277479109796	-0.0924777686923	-0.0833040849691	-0.0277502519329	None	-2.03023261058e-06	None	1.8609957726407789
30454841	white_female	-0.0262699707672	-0.198473703119	-0.29545253501	-0.0451299685597	0.0789611249926	None	None	None	0.6252394154878561
66771662	white_female	0.473594586156	0.135902515922	0.236835821498	0.350985449123	0.11410503232	None	0.157909205551	None	0.8709556834499987
77995506	white_female	-0.149952574865	-0.169374995164	0.0499876407059	-0.0500499337441	-0.249995818813	-0.150010235321	-0.0999640724743	None	0.9090340946296951
53137975	white_female	-0.104149719223	0.0624485356995	-0.12342473453	-0.0445852028417	-0.0557310873204	None	None	None	1.0580045962696034
39923921	white_female	4.36061489269e-05	-0.00423615039201	-0.0361332193311	-0.105348550333	2.22080423978e-05	-0.263098576141	None	None	1.8637894039611804
57541814	white_female	-0.129932219633	-0.180898229122	0.103842920363	0.287469135813	-0.0999919922304	None	None	None	0.5582258871781668
44704976	white_female	0.0700677803671	0.0114094631855	-0.20384938733	0.0374691358126	-0.0999919922304	None	None	None	1.1980023195450469
37168081	white_female	0.0353904209685	0.109247725073	0.372644306427	-0.0589691717017	-0.0118307718727	-0.0587867236758	None	None	0.9428505424044116
31384307	white_female	0.0825417896919	0.0996134751212	-0.0380571297295	-0.105285560518	-0.280728693339	None	-0.0526524968598	None	1.153174158384461
64061927	white_female	0.135761710849	0.134972830923	0.280756871475	0.449950066256	0.0833375145206	-0.150010235321	-0.0999640724743	None	1.1578188878971654
38882910	white_female	0.462418857369	0.130004353671	0.1412032352	-0.0623246964829	0.31667828312	None	0.0250222372637	None	0.9439991237537297
83501559	white_female	0.165336428631	0.118432990021	0.0526810018175	0.236765191793	0.336884485933	-0.263258091569	0.473667379405	None	0.7769586728572072
13780471	white_female	-0.164609579031	0.0140096298349	-0.0273556935733	0.274364161632	-0.411830771873	-0.0587867236758	None	None	0.9309608909923371
35659641	white_female	0.289532780081	0.113888847202	0.34198923249	0.236768770827	0.671155776166	None	0.157775068231	0.210449737	0.9988933739669097
37987047	white_female	0.138918924729	0.154070270839	-0.00914443535901	0.166695915031	-0.0277502519329	None	-2.03023261058e-06	None	0.950238749841532
18094753	white_female	0.0353904209685	-0.0812284654032	-0.160689026907	-0.0589691717017	-0.0118307718727	-0.0587867236758	None	None	1.2438772253401367
22985861	white_female	-0.104149719223	-5.14643005215e-05	-0.0123136234188	-0.0445852028417	0.277602246013	None	None	None	1.487812136704907
40858560	white_female	0.165336428631	-0.00656700997895	0.108236557373	0.236765191793	-0.0631155140674	-0.263258091569	0.473667379405	None	1.2540813593761677
37906234	white_female	4.36061489269e-05	-0.00423615039201	-0.0361332193311	0.0946514496673	2.22080423978e-05	-0.263098576141	None	None	1.4276236203307027
31376478	white_female	-0.00709543200775	-0.0389402125551	-0.0269354362172	-0.0500499337441	0.0833375145206	-0.150010235321	-0.0999640724743	None	0.9679983627856312
87869809	white_female	-0.0603153531652	-0.216175998563	-0.0936126852851	-0.105285560518	0.0526046399946	None	-0.0526524968598	None	0.5441414511356751
30125439	white_female	-0.210467219919	-0.10833337502	-0.15801076751	0.0701021041606	-0.0788442238336	None	-0.842224931769	0.210449737	0.4639634736925937
50691481	white_female	-0.194476891828	0.0521488804984	0.0392174414991	-0.148041474379	-0.166679464285	-0.0554674288917	0.166670153548	None	1.0469588618988273
73599858	white_female	0.0714828541712	0.0124541660229	0.167475498511	0.0498927242349	-0.050040562798	None	None	None	1.1722649511808036
67618934	white_female	-0.0277477419376	0.0177066344749	-0.00914443535901	0.166695915031	-0.0277502519329	None	-2.03023261058e-06	None	1.2600019431028278
42381444	white_female	-0.184203765771	0.0622123113724	-0.0836119980139	-0.0789528290424	-0.0421934333675	None	None	None	0.8587056850199445
53184735	white_female	-0.0375811426306	-0.269995646329	-0.0352673530352	-0.0623246964829	-0.0166550502129	None	0.0250222372637	None	0.5534825991326167
53298093	white_female	-0.214231431543	-0.0500458339771	0.0174754985105	0.0498927242349	-0.250040562798	None	None	None	1.527514623660422
53725856	white_female	4.36061489269e-05	0.115763849608	0.0888667806689	0.0946514496673	2.22080423978e-05	-0.263098576141	None	None	1.295213658146798
77839790	white_female	0.165336428631	0.0559329900211	-0.113985664849	0.236765191793	-0.0631155140674	-0.263258091569	0.473667379405	None	0.4341976819828314
88890055	white_female	0.216343609294	-0.0430424735208	0.0613583878031	0.263090848076	-0.263143386485	None	None	None	0.3363604328408307
27758217	white_female	0.150054441806	-0.125002862465	0.023349861816	0.0899163105367	0.100082895041	None	None	None	1.820112154932316
94554414	white_female	0.0714828541712	-0.112545833977	-0.0825245014895	0.0498927242349	-0.050040562798	None	None	None	1.3232415205149375
26628114	white_female	-0.150796713898	-0.0911110106458	-0.104974242647	-0.177795044049	-0.444435856787	1.17208585302e-05	None	None	1.7022978190095874
41185387	white_female	-0.150796713898	-0.291111010646	0.00613686846409	0.0222049559506	-0.111102523454	1.17208585302e-05	None	None	0.8304420948243408
47340567	white_female	0.315796234229	0.0167577659179	-0.0836119980139	0.171047170958	-0.0421934333675	None	None	None	0.6519286068550009
65441854	white_female	-0.0277477419376	0.0631611799295	0.0741888979743	-0.0833040849691	-0.0277502519329	None	-2.03023261058e-06	None	0.64309962496921
18225096	white_female	-0.0106845278654	0.120621296259	0.0488524738224	-0.140344500797	0.192918320465	0.421064522189	None	None	1.067743381357227
40305742	white_female	0.145850280777	0.124948535699	0.265464154359	0.355414797158	0.277602246013	None	None	None	1.0836356396248854
64957486	white_female	0.223730029233	-0.198473703119	0.0891628496054	0.526298602869	0.0789611249926	None	None	None	0.5280563587910885
25800007	white_female	0.165336428631	0.180932990021	-0.00287455373801	-0.263234808207	-0.0631155140674	-0.263258091569	-0.526332620595	None	1.2615459204431179
61326307	white_female	0.223730029233	0.210617205972	0.473778234221	0.0977271742974	0.328961124993	None	None	None	0.5657020397903031
23634879	white_female	0.189315472135	0.162287962926	-0.0225760976062	-0.140344500797	-0.140415012868	0.421064522189	None	None	0.6283619304326906
87731230	white_female	0.0353904209685	0.0140096298349	0.10597763976	-0.0589691717017	-0.0118307718727	-0.0587867236758	None	None	1.0814325385567576
15822759	white_female	-0.104149719223	-0.0625514643005	-0.0123136234188	0.355414797158	-0.0557310873204	None	None	None	1.3573500381309298
30951707	white_female	0.145850280777	0.124948535699	0.0432419321368	-0.0445852028417	-0.0557310873204	None	None	None	1.501944277326425
70633120	white_female	0.0224792857743	-0.0690670099789	0.0526810018175	-0.263234808207	0.136884485933	-0.263258091569	0.473667379405	None	0.889639003053504
44569924	white_female	-0.377133886585	-0.10833337502	-0.229439338938	-0.0965645625061	-0.328844223834	None	0.157775068231	0.210449737	0.9551239766983075
63629539	white_female	-0.00587861292786	0.0933211628429	0.0613583878031	0.0130908480756	0.0701899468488	None	None	None	1.4325474216895289
34177192	white_female	-0.0375811426306	0.130004353671	0.435320882259	0.437675303517	0.31667828312	None	0.525022237264	None	0.7034716091268257
46657198	white_female	-0.0277477419376	0.0631611799295	0.0741888979743	-0.0833040849691	0.222249748067	None	-2.03023261058e-06	None	1.9479043030081173
26078256	hispanic_male	-0.276269970767	-0.243928248574	-0.141606381164	-0.187987111417	-0.171038875007	None	None	None	0.9039152970355854
52666247	hispanic_male	-0.410684527865	-0.212712037074	-0.0940046690348	-0.140344500797	-0.140415012868	-0.578935477811	None	None	0.288750794009738
54138965	hispanic_male	0.308193571489	-0.00656700997895	0.108236557373	-0.263234808207	-0.263115514067	0.736741908431	-0.526332620595	None	1.0878308552470035
66165175	hispanic_male	-0.026405413844	0.0525691825883	0.0939786786407	0.350985449123	-0.0525616343471	None	0.157909205551	None	0.6629472827421152
49033065	hispanic_male	0.315796234229	0.0167577659179	-0.0247884686022	0.171047170958	-0.242193433367	None	None	None	1.386196993660605
27569200	hispanic_male	-0.499956393851	-0.00423615039201	-0.0986332193311	-0.105348550333	2.22080423978e-05	-0.263098576141	None	None	0.930155477478176
35117061	hispanic_male	-0.00709543200775	-0.0824184734246	-0.10385851314	-0.0500499337441	-0.249995818813	-0.150010235321	-0.0999640724743	None	1.3472285541781073
19957789	hispanic_male	0.0208502807775	-0.0625514643005	-0.12342473453	-0.244585202842	-0.0557310873204	None	None	None	1.1073507158625369
76842113	hispanic_male	0.305523108172	-0.00667464891333	-0.0784296173244	0.0186251922877	-0.166679464285	-0.0554674288917	0.666670153548	None	0.42509326202042413
