0.01	0.6760080645161292	[-0.009346486607285376, 0.009346486607285376]
0.02	0.6738911290322581	[-0.018313060690227624, 0.018313060690227624]
0.03	0.6723790322580645	[-0.02704594068256554, 0.02704594068256554]
0.04	0.6702620967741935	[-0.037800338409475484, 0.037800338409475484]
0.05	0.6692540322580645	[-0.046025604188615385, 0.046025604188615385]
0.06	0.6689516129032256	[-0.04602113462950547, 0.04602113462950547]
0.07	0.6693548387096773	[-0.048172908086709446, 0.048172908086709446]
0.08	0.6688508064516128	[-0.047031893496791495, 0.047031893496791495]
0.09	0.6687499999999998	[-0.044754333876065505, 0.044754333876065505]
0.1	0.6687499999999998	[-0.045005906203109534, 0.045005906203109534]
0.11	0.6695564516129032	[-0.0452664176483734, 0.0452664176483734]
0.12	0.6690524193548385	[-0.04564377613893943, 0.04564377613893943]
0.13	0.6691532258064515	[-0.047036363055901406, 0.047036363055901406]
0.14	0.6694556451612902	[-0.04539220381189541, 0.04539220381189541]
0.15	0.6692540322580645	[-0.049947323053347384, 0.049947323053347384]
0.16	0.669758064516129	[-0.046030073747725324, 0.046030073747725324]
0.17	0.6691532258064514	[-0.05032468154391342, 0.05032468154391342]
0.18	0.6688508064516128	[-0.04601666507039556, 0.04601666507039556]
0.19	0.6687499999999998	[-0.046394023560961596, 0.046394023560961596]
0.2	0.66875	[-0.04690610733326948, 0.04690610733326948]
0.21	0.6694556451612903	[-0.04665900456533538, 0.04665900456533538]
0.22	0.6689516129032256	[-0.046775851610637555, 0.046775851610637555]
0.23	0.6691532258064516	[-0.0486760527407975, 0.0486760527407975]
0.24	0.6692540322580645	[-0.04703189349679149, 0.04703189349679149]
0.25	0.6683467741935483	[-0.04639402356096159, 0.04639402356096159]
0.26	0.668548387096774	[-0.04614245123391757, 0.04614245123391757]
0.27	0.6691532258064515	[-0.046021134629505474, 0.046021134629505474]
0.28	0.6685483870967741	[-0.04917919739488554, 0.04917919739488554]
0.29	0.6693548387096773	[-0.04678479072885739, 0.04678479072885739]
0.3	0.6691532258064516	[-0.04917919739488554, 0.04917919739488554]
0.31	0.6689516129032257	[-0.046524279283593525, 0.046524279283593525]
0.32	0.6692540322580645	[-0.046277176515659414, 0.046277176515659414]
0.33	0.6689516129032256	[-0.0453877342527855, 0.0453877342527855]
0.34	0.6690524193548386	[-0.045765092743351526, 0.045765092743351526]
0.35000000000000003	0.668649193548387	[-0.04626823739743958, 0.04626823739743958]
0.36	0.6690524193548386	[-0.045513520416307504, 0.045513520416307504]
0.37	0.6693548387096773	[-0.04716661877853335, 0.04716661877853335]
0.38	0.6693548387096773	[-0.046784790728857384, 0.046784790728857384]
0.39	0.6699596774193549	[-0.046654535006225455, 0.046654535006225455]
0.4	0.6684475806451611	[-0.04867158318168757, 0.04867158318168757]
0.41000000000000003	0.6689516129032256	[-0.04842448041375347, 0.04842448041375347]
0.42	0.6683467741935483	[-0.05107939852504549, 0.05107939852504549]
0.43	0.6684475806451611	[-0.04790792708233566, 0.04790792708233566]
0.44	0.6687499999999998	[-0.04740925198735753, 0.04740925198735753]
0.45	0.6697580645161292	[-0.04615139035213741, 0.04615139035213741]
0.46	0.6694556451612902	[-0.04501037576221946, 0.04501037576221946]
0.47000000000000003	0.669657258064516	[-0.04691057689237941, 0.04691057689237941]
0.48	0.6694556451612902	[-0.04539220381189541, 0.04539220381189541]
0.49	0.6690524193548386	[-0.04589534846598346, 0.04589534846598346]
0.5	0.6689516129032257	[-0.047036363055901406, 0.047036363055901406]
0.51	0.6688508064516128	[-0.045131692366631546, 0.045131692366631546]
0.52	0.6689516129032257	[-0.046524279283593525, 0.046524279283593525]
0.53	0.6693548387096773	[-0.048172908086709446, 0.048172908086709446]
0.54	0.6692540322580645	[-0.046398493120071514, 0.046398493120071514]
0.55	0.6694556451612902	[-0.04589534846598346, 0.04589534846598346]
0.56	0.669657258064516	[-0.04767423299173131, 0.04767423299173131]
0.5700000000000001	0.6684475806451611	[-0.04828975513201162, 0.04828975513201162]
0.58	0.668649193548387	[-0.04500143664399961, 0.04500143664399961]
0.59	0.6690524193548386	[-0.04943523928103949, 0.04943523928103949]
0.6	0.6693548387096774	[-0.048424480413753475, 0.048424480413753475]
0.61	0.6693548387096773	[-0.04703636305590142, 0.04703636305590142]
0.62	0.6691532258064516	[-0.04753950770998946, 0.04753950770998946]
0.63	0.6688508064516128	[-0.045131692366631546, 0.045131692366631546]
0.64	0.6692540322580645	[-0.04779554959614342, 0.04779554959614342]
0.65	0.6678427419354838	[-0.05018101714395172, 0.05018101714395172]
0.66	0.6688508064516128	[-0.04336174695910354, 0.04336174695910354]
0.67	0.6688508064516129	[-0.04526194808926347, 0.04526194808926347]
0.68	0.6694556451612902	[-0.04842894997286339, 0.04842894997286339]
0.6900000000000001	0.6688508064516128	[-0.04488012003958752, 0.04488012003958752]
0.7000000000000001	0.6694556451612902	[-0.046780321169747466, 0.046780321169747466]
0.71	0.6692540322580645	[-0.045513520416307504, 0.045513520416307504]
0.72	0.6691532258064515	[-0.045769562302461445, 0.045769562302461445]
0.73	0.6690524193548386	[-0.048680522299907415, 0.048680522299907415]
0.74	0.6685483870967742	[-0.04677585161063756, 0.04677585161063756]
0.75	0.6698588709677418	[-0.046780321169747466, 0.046780321169747466]
0.76	0.6692540322580645	[-0.04475880343517542, 0.04475880343517542]
0.77	0.6688508064516128	[-0.04703189349679149, 0.04703189349679149]
0.78	0.6688508064516128	[-0.04665006544711554, 0.04665006544711554]
0.79	0.6691532258064516	[-0.0438693611723015, 0.0438693611723015]
0.8	0.6690524193548388	[-0.047283465823835524, 0.047283465823835524]
0.81	0.6693548387096774	[-0.04386936117230151, 0.04386936117230151]
0.8200000000000001	0.6690524193548385	[-0.044628547712543494, 0.044628547712543494]
0.8300000000000001	0.6694556451612902	[-0.047162149219423424, 0.047162149219423424]
0.84	0.6691532258064516	[-0.049691281167193437, 0.049691281167193437]
0.85	0.6693548387096774	[-0.044251189221977474, 0.044251189221977474]
0.86	0.669758064516129	[-0.04678479072885739, 0.04678479072885739]
0.87	0.6693548387096773	[-0.049439708840149414, 0.049439708840149414]
0.88	0.669758064516129	[-0.04805159148229736, 0.04805159148229736]
0.89	0.6689516129032257	[-0.04450276154902148, 0.04450276154902148]
0.9	0.6693548387096773	[-0.0461513903521374, 0.0461513903521374]
0.91	0.669758064516129	[-0.04336621651821345, 0.04336621651821345]
0.92	0.6690524193548385	[-0.046528748842703437, 0.046528748842703437]
0.93	0.6684475806451612	[-0.04639849312007151, 0.04639849312007151]
0.9400000000000001	0.6697580645161292	[-0.050706509593589376, 0.050706509593589376]
0.9500000000000001	0.6685483870967741	[-0.046524279283593525, 0.046524279283593525]
0.96	0.6693548387096773	[-0.045769562302461445, 0.045769562302461445]
0.97	0.6688508064516128	[-0.04526194808926348, 0.04526194808926348]
0.98	0.6692540322580646	[-0.047413721546467454, 0.047413721546467454]
0.99	0.6685483870967741	[-0.0496823420489736, 0.0496823420489736]
1.0	0.6691532258064516	[-0.046524279283593525, 0.046524279283593525]
0.01	0.6757862903225808	[-0.008960188998499518, 0.008960188998499518]
