0.054009401123926194	0.06431765933038046	0.05387753703217445	0.02506642454746328	0.053322540855452405	0.06474538635779248	0.03911435331485562	0.05722219494387254	0.057037178771358124	0.026180607844673076	0.033618113249613425	0.02151730219184162	0.0746881574281781	
0.011678667918758696	0.028396736239130072	0.08128107801383491	0.09489735114941272	0.030073497985088092	0.05966708024179128	0.04187139802130606	0.0705919682960511	0.03650987389699524	0.009543411775752913	0.008508878986586471	0.07912309653685685	0.02944503502766068	0.06615639626507186	0.06131533870019827	0.04949832055603633	0.06032653509991107	0.07854446721502466	0.061112020099532205	0.053963708402389066	0.06046264915388096	
0.049831579675980876	0.05284748251762039	0.031010837722878427	0.009042294928119607	0.00931828668447492	0.024964316289383996	0.05045738061532987	0.053517553181639185	0.025159354561212755	0.06529610267785382	0.06396576834019943	0.03773619970012502	0.008645177292235419	0.08337545677150116	0.010182146325426552	0.049235027088239285	0.03833494590981281	0.05044586752650313	0.032876844979949915	0.019267093161750945	
0.04497841372924897	0.02593615797489752	0.05645858040732703	0.007881505081884616	0.058187498323566865	0.008291243978175942	0.09377792847593355	0.07131474463973905	0.008305563266368126	0.06616046588167923	0.06321428158305065	0.00951428729208312	0.009141624455885164	0.007625351570525683	0.008577304968606326	0.05874333496780534	0.007832405696445536	
0.04665239299686766	0.04716932375598311	0.009797776667787632	0.052468413085564394	0.009018803147721362	0.07133640705293254	0.0346608982619102	0.04744300941584172	0.049601157007539226	0.07937231194639131	0.04715983474423594	0.06506604165646229	0.052162302548581875	0.03708378526832467	0.03369035193464067	0.0601783180313191	0.057547542347996514	
0.008259097677922014	0.06922042758245109	0.05445416032746057	0.04606713670029604	0.03870339007272575	0.007268497631138178	0.037026170837443466	0.031065350454395235	0.05163633209382266	0.07185886850525738	0.06315628275125913	0.009055418581371575	0.008558973963495514	0.03700748854018899	0.048767696362163035	0.04746055707504996	0.05345591829397388	0.006011287423297975	0.07529826676764254	0.06573170713029444	
0.009302707220957997	0.008160201788714235	0.0381692681604235	0.007843875121863193	0.06909702440068452	0.03514113364302402	0.04745477657812834	0.019864586725616546	0.07318749628960286	0.007665449469861604	0.044294618473762204	0.05478262612429645	0.008091592112098884	0.057734442349306116	0.03934040317869704	0.022371899868941187	0.06346880179962852	0.008278764668699	
0.06262943681594216	0.03567374858222781	0.053999828458885867	0.037902558865739275	0.043574513813161915	0.03152022668814748	0.06375958310030685	0.07041024252176961	0.04234290439840122	0.046609586936508525	0.05670490024177779	0.006407793679470572	0.057791417438815364	0.06021906464801502	0.05354323080454264	0.046857281251798825	
0.06043898688762759	0.048617917669017484	0.07925174426264255	0.04211622282697237	0.06055717021916527	0.03334717620700436	0.06704090728667302	0.009388350806098424	0.078853938805003	0.045089438452740924	0.009439249638948537	0.040628405112957476	0.08709136720917326	0.05908584933750112	0.057230104096060705	0.04067193110384526	0.06905465368443556	0.040590763793367374	0.07033042634533945	0.06429316073994451	0.05652270193742968	0.05396404019793548	0.05397211674301274	0.05884475482041958	
0.05585808363511622	0.04478213222051668	0.04917470812352108	0.040289600224750796	0.03398246549669447	0.06272718393246413	
