0.03991006753106943	0.08852760743068673	0.0908879402452816	0.05724973228963669	0.08798218318419873	0.061923013671566086	0.0464767378498692	0.07293899073937408	0.05527938962123037	0.07979393410744731	0.08775191543536305	0.008868294099201224	0.08294867952377653	
0.07833108950028718	0.03366637815815242	0.08428067543290571	0.022287728912069045	0.08845817465285048	0.06031978159517539	0.06625549152135164	0.04868017917909665	0.034420331981202076	0.08053402308551601	0.06115219778472049	0.07708270376733238	0.09012335948679492	0.0622236827239779	0.07362101172611532	0.048554556449124084	0.05027531966217448	
0.07206660939283582	0.07957712258300173	0.02852341467138455	0.06414811174233123	0.07218723688073811	0.06095030038141005	0.05537027759232147	0.056292177493686237	0.0265013838557821	0.08333492956181414	0.09233537041403783	0.08622408878658835	0.03399049201763008	0.015541220931430044	0.04088519853416615	0.07515803259156763	0.06866593545280256	0.08541519251808516	0.03943374861914663	
0.01588461878290299	0.06632476590604866	0.0658956703824694	0.08493482033962352	0.08276455517449739	0.03473111475289804	0.046640441045742664	0.06617930497044586	0.042966790181541814	0.05678685957370664	0.04130050177845081	0.026445284988609558	0.03815357949824359	0.03291850330229097	0.04891224373352373	0.05673605793202369	0.09120697155792745	0.05256070449518081	0.05255387339058618	
0.028870614529994315	0.00910570533937559	0.025239442661594846	0.09082109930527196	0.05581152471678967	0.08330167007079477	0.07552752329107564	0.043848290569457306	0.040094174272125416	0.08496160742951926	0.08713088490335608	0.036963571233625474	0.012903857495615826	0.08069157559348812	0.012118050414995866	0.07394388692612133	0.05421745782898178	0.05599099491253938	
0.056632068355314924	0.08569037318402636	0.06424146433996591	0.08800077888476784	0.014429766200453508	0.069898674490495	0.01077767467086678	0.09122390567556223	0.0656442935507967	0.056857995204846544	0.05959070006194115	0.08743291775907706	0.00873599483713591	0.07855813433787313	0.057006213482167487	0.08316768041336083	0.0444907080988524	0.008541563787053164	0.061349684572075014	0.06258537709990407	
0.020553397956964654	0.056122684866364014	0.08603157254517628	0.042862476064158106	0.06919005814868269	0.057287334302136006	0.07583704176878783	0.01724310860550775	0.07726227766725222	0.03390631872454414	0.06539394934561202	0.07198558856401255	0.01387508797653649	0.0706341344195974	0.05470002106975776	0.044050503972621745	0.06772757205257993	0.02761371475238806	0.07752898666649359	0.05187236059303498	
0.05811284200938312	0.0705871085711017	0.026453257650320035	0.03978599819000921	0.05868660664442442	0.0757581526509787	0.047427365589550866	0.08391156645227256	0.06879321301420321	0.0474327927357958	0.08760779852929017	0.038374035077308695	0.010716770555006385	0.08135027940370756	0.06969924191467482	0.04285725142157916	0.05050002535094026	
0.062110483214304534	0.043400200096994336	0.02284120111914869	0.05377583218831211	0.06190502233128596	0.057994805878313904	0.047252099181960834	0.043333218986462974	0.03865346160499601	0.03839754301319216	0.05610398978131983	0.07304255197430574	0.055469904409248386	0.04344072642506395	0.06408193883715273	0.06831919646609222	0.0678415922452413	0.04908434624375063	0.05634207723937369	0.08952885181173216	0.06807215611280529	
0.05367832258159322	0.06892375178737344	0.02039620339269436	0.04252042925816538	0.07027665572812133	0.03562507455365498	0.05708677501242835	0.05975704505286039	0.06857861146512195	0.09114930282962705	0.07315617022936262	0.0877637204447786	0.07323641251289217	0.03344582158248742	0.05409392724541061	0.022556662080751362	0.053181069930788825	
